#
CHANNEL=phoenixingwatch

LOCALE=en
TIMEZONE=Europe/London

TELEGRAM=phoenixingai
TWITTER=phoenixingai
# GITHUB=
# DISCORD=https://DISCORD.com
# PODCASRT=https://PODCASRT.com
# MASTODON=mastodon.social/@Mastodon
BLUESKY=phoenixingai

FOOTER_INJECT=FOOTER_INJECT
HEADER_INJECT=HEADER_INJECT

NO_FOLLOW=false
NO_INDEX=false
HIDE_DESCRIPTION=false

TELEGRAM_HOST=telegram.dog
STATIC_PROXY=""
GOOGLE_SEARCH_SITE=""
COMMENTS="true"
REACTIONS="true"
LINKS="true"
NAVS="true"
RSS_BEAUTIFY="true"
TAGS=009572,9614,9072,9314,009123,9445,16012,007242,8035,001884,9475,9428,008765,002649,9368,9326,9194,009561,2240,15676,9444,17650,13690,9453,10430,9156,9503,9565,23530,9297,19830,6064,9091,009616,009533,20350,8679,8980,23410,8731,13470,26032,8830,9325,7787,10770,9740,8608,23818,009661,9367,9299,9078,9373,008767,017652,6119,9038,15910,8860,008835,9446,26930,014852,20512,25710,17010,28830,8882,25050,8877,15590,9506,9725,10830,9668,26370,9617,18532,009636,9141,9399,10852,9628,18670,27930,8953,008770,6537,8835,9552,9315,18016,9143,9316,9146,13570,9419,8806,008818,8161,18934,9458,23510,9588,9723,9144,9534,20170,21950,8208,5814,9950,16270,9437,20114,009458,9402,19910,22890,009054,9665,9195,9384,007788,29292,11750,8622,9028,11950,9680,23310,6898,23272,17870,9647,0/008735/01,9180,6234,7232,9083,20896,23270,9551,15970,015454,015610,009555,8346,9364,9108,8999,7114,7866,9021,28390,9515,8710,9683,9291,16090,9562,19132,19272,17230,17570,14912,8883,15452,9419,11010,9239,22090,9721,9251,8681,9048,23232,12690,8846,17030,22672,23070,10652,9425,8616,19210,25976,009499,007851,006212,18810,9481,19272,20452,8996,23370,007905,009380,24850,12650,12410,9133,9105,9019,009513,9326,7671,6824,6769,9191,17330,9627,7788,8879,9115,9507,9113,9703,25210,21052,3966,16570,8617,7510,10150,9317,12290,12532,9616,9611,8894,9608,8698,9688,008368,9375,9037,30212,9478,9605,9561,9051,18612,9701,13670,29512,13790,7254,23390,9540,20110,9485,9718,20390,31930,1549,009172,15890,17490,30510,9675,14372,18750,23930,9361,21910,10350,9670,9644,9310,29250,9157,13730,18052,23790,9049,9119,28040,18570,015676,9591,8367,27012,9090,8755,9748,21030,21912,001700,008929,009401,23450,15192,023650,18910,27332,14852,005532,25870,20630,009581,25350,9577,12510,14094,9140,8920,8309,20290,9556,26070,24030,9320,21334,9712,8717,9730,9168,18030,9096,29970,2685,19530,16490,24730,9294,23150,13152,009496,5373,8973,11270,9341,14392,9570,9285,9358,17990,7805,9600,15590,19470,009204,009271,9559,24710,21390,009402,002748,26150,9319,9501,26350,29790,008123,9517,18250,9701,007510,9615,9613,009626,9397,8726,009950,009587,8983,1413,18450,9280,6477,22838,28070,26450,23770,14336,15030,8919,8013,22092,10452,9432,15530,8262,23610,9480,19950,9043,18072,27436,11890,15994,9441,9362,2591,24990,8923,8867,9600,009594,15690,28750,14992,8635,9585,9299,9594,14970,9220,11590,009029,008375,13130,9214,9338,14090,9252,19290,008822,22170,9379,008702,008740,09210,07837,21070,009141,8203,9493,9687,22710,24250,11070,29514,008953,009681,004857,8989,9439,020970,9200,8569,10550,6212,9242,009640,24894,19130,9481,10670,25490,27496,10290,9501,9083,9022,8562,009401,008841,23874,009469,009445,8826,007254,9990,11150,2236,5367,16092,8936,9160,20090,6343,20190,11492,9493,008014,009402,8736,9038,9732,8620,9970,8908,9319,002240,9185,9073,9664,2591,24352,9055,15930,8841,11030,9696,009204,23730,9089,8368,21290,14412,26070,29350,8977,23130,007851,6473,10710,9011,9320,25090,9566,29670,18310,22930,1762,1751,14430,31870,25892,9628,16890,14590,9404,29192,13710,8001,25932,28810,9245,14450,15850,9443,22072,10754,21810,9713,9661,15674,19770,16250,22072,9443,9231,9051,9522,8203,9648,21830,8716,8897,014732,009590,9704,8931,016670,9579,31630,9724,9052,21172,19590,009533,9156,009432,009705,16370,14730,15790,9457,003862,13550,9571,24550,6335,17150,9810,5799,6416,8595,8924,008635,9712,9528,8951,21852,009540,13890,8927,9016,9043,8759,8111,8723,008316,10930,5998,9400,009405,009668,9005,8780,009687,6588,9069,5544,10150,9336,9065,9636,29310,9129,7671,9398,14270,15590,009519,008988,8928,9610,12790,11730,009587,15454,30402,8326,5780,9507,11734,10870,8833,9442,29630,9585,9008,8735,13930,9016,13050,14570,9283,10110,30090,18930,12630,08695,9472,9595,9386,9390,7237,8820,9657,005396,017230,9230,9175,015850,9210,7837,12250,17890,009696,011030,017232,7822,7931,24412,9640,009281,15012,8960,21150,17550,6775,26030,9148,9241,8798,25010,25330,9616,9009,16774,8778,009705,9551,13092,8761,3134,10530,20894,9155,9207,8617,8683,13152,26250,9435,9277,9044,8945,8595,24870,26190,9720,23330,12030,8763,9034,9288,9024,8920,28550,GBNI85/9543,8899,009379,11750,20730,8950,8719,008934,8672,27110,27770,028890,8941,6544,10330,23290,1668,29710,24974,9430,9380,9037,9008,8900,27494,9446,20172,25552,9066,9572,8367,8309,26072,8627,18532,12150,9727,31274,24110,10290,2685,10330,18018,8752,24650,8838,8349,19970,12670,8174,9535,009950,9513,9250,17150,13910,9567,15336,9099,6371,14112,15950,27950,008101,21332,5306,7232,19972,9000,11790,008639,17830,19276,19390,26036,009687,009123,009614,9314,6424,8794,30232,9285,013594,8028,9624,15550,2130,9444,9350,022910,8760,30470,8753,008723,9416,019170,18370,8188,9459,009713,12212,9734,11372,9362,13450,9107,28350,8770,23816,2294,8209,07290,9741,8023,8035,9678,25910,9054,22170,11130,9219,17432,008735,9534,9315,9525,8990,28150,8965,31192,2748,9595,9472,9097,13836,008611,2603,9009,6769,009616,009416,26090,12950,008101,002230,009292,9694,13210,008161,8706,9301,9368,9191,9587,9054,8783,8840,9706,008839,9424,9397,8219,9533,008955,9029,9637,15570,2240,23350,9039,9503,26030,009551,10830,008123,8822,5782,9478,8897,1586,5367,21492,23872,9284,9506,008588,6825,15110,9613,3502,8093,8296,2194,9615,008897,009233,9338,9300,16450,9734,22290,17552,6531,009380,7875,16234,008918,009657,8174,8698,009000,9617,10790,22672,009242,012792,26090,09416,9570,8702,11330,13650,8887,8976,9188,9246,6327,9592,26330,017770,21310,007829,007829,6310,8366,24174,9406,14050,31870,14430,10550,9508,009496,14010,9274,9671,19090,11530,9500,7805,0151676,00240,08570,9391,001700,007788,8678,6904,7806,009661,15190,009281,24570,9030,23110,13430,009018,9447,9288,8996,9556,009547,008639,009054,009112,008325,008266,12212,29832,10870,30330,009416,30830,9584,9184,6484,9056,15250,21190,9253,8833,22250,8806,6600,30210,13370,9107,21712,9342,28270,10972,28170,1751,9168,30370,9521,8107,9495,6335,002093,15336,9567,8636,7851,8854,8727,8800,9450,17232,9484,9523,8583,009675,009668,5306,8736,9219,008929,007243,008740,15330,9573,8954,8266,9242,8349,8723,18034,002230,008065,19450,13810,009681,29110,9323,8818,9179,11854,8620,14336,24150,004179,12250,13432,18790,8982,10430,11372,8372,9657,8820,8845,9383,30250,030510,009405,28610,001884,9233,8730,9656,14610,008077,009119,14170,13594,16850,17770,008611,13836,6371,008835,12450,9409,13596,13570,008316,8989,9069,9646,1700,15332,11490,7258,1736,9663,9128,24534,008838,11510,9466,8064,5398,22834,9345,9745,14390,009232,008954,22832,008770,13450,9515,18412,9137,9136,13592,21332,24850,9680,17870,24870,23410,9588,9723,9565,23530,9083,9501,8883,8681,20114,009458,9740,8608,009271,008123,9683,9291,17650,9701,9115,23232,16092,8899,9320,21334,9725,9384,9358,9144,9402,19910,9478,8867,8894,9608,008767,008818,8376,9350,26030,8835,6484,9184,009581,25350,18310,29670,9439,18016,26370,9453,23790,18052,29970,8996,9398,7232,20350,8679,22090,9721,15590,8877,9180,15530,9437,16270,9572,8822,014852,015676,9119,9049,26032,8830,9551,23270,9617,18450,28810,19450,14912,9584,9450,11950,8706,15250,30212,26930,13790,7254,8860,15910,020970,23650,29230,8731,009533,9616,17010,8897,9561,9425,10430,9444,012792,8266,9475,9428,29292,30232,9718,26070,24030,007788,15950,25976,19210,9567,15336,11150,9484,8920,23850,9400,9251,11750,14430,31870,9485,20110,9038,8736,26150,008835,25932,9280,25710,9072,9571,13550,9090,8755,20090,6343,18934,9458,25050,8882,2240,15676,18370,11372,9194,9950,16090,15970,6898,23272,11070,15674,9610,12790,13690,9326,009513,8366,18930,12630,9600,15452,9533,26350,9141,9406,9253,15930,14372,28070,8980,9419,008822,009614,015850,008723,009416,2591,18810,6212,11270,9089,009141,002748,9016,9043,2685,19590,23390,9540,9628,8161,9314,14094,3502,009469,9712,12290,9091,9579,13152,19950,009496,19132,2194,10832,008325,6769,9191,07837,09210,9316,17990,009661,23818,9614,9615,9613,9639,015570,9534,19130,8683,9644,9570,9703,9113,17030,19272,8346,9364,9375,007851,009499,20290,008101,009432,8562,9022,6064,14336,9506,4866,10870,8919,8620,9175,9230,9734,22838,020730,9503,9156,12690,24072,8617,20896,24550,11890,009631,23370,27012,9220,8806,5780,9498,8938,18750,9367,9380,6775,9021,18570,9256,24150,12532,9379,8698,9688,8879,16050,9493,8203,9362,8751,17490,20170,18532,9390,9386,009123,18670,9730,9432,10452,9299,20390,9481,6825,15110,9695,15994,9441,23450,16012,9445,9724,9024,8367,9591,23510,9019,9556,9133,9105,15030,9044,6537,9078,9373,8622,9028,9687,22710,14270,13570,9594,15690,28040,22890,009054,9146,8778,9048,9647,008735,009430,008954,16774,20950,8373,9404,10930,8780,14112,28270,20630,002240,22170,8760,009636,006212,9665,16250,8262,23150,11854,9443,9069,10150,9195,9096,5814,7805,8309,20172,9522,5306,18612,24990,29192,9148,9037,29250,009572,9611,9297,19830,009561,9668,10830,1490,7258,005532,8616,14852,27930,9552,9315,8820,9657,10770,7787,008838,14590,8208,11030,9696,1751,9168,12410,1549,18030,11492,008841,9566,6371,9099,8761,8627,8951,21912,7510,27496,008934,29790,9140,17830,9748,12650,7237,24710,1762,18250,009555,015610,11790,8752,015454,009233,8923,10852,12212,9648,2294,8735,13650,9741,9745,14412,009687,007242,24174,21052,8989,9285,9704,21950,9399,023650,16890,002230,10790,9446,7866,8632,27494,8900,22092,8013,20190,008702,008740,30250,12890,9317,8326,9051,21150,8960,29350,30090,27110,25870,11010,29872,8945,8595,17570,24610,013594,10290,009184,006484,8954,9631,9005,17230,8983,9066,9457,23730,22672,13670,29512,009204,19470,22072,007829,16370,9507,9397,22930,9239,16570,19770,9008,9231,8111,11490,9605,28750,14992,23930,20512,24500,10110,9052,8739,9562,009401,008929,9172,8064,7788,1700,22834,26090,009667,008611,13836,6440,007243,009445,9515,8931,8857,10270,24570,9030,6234,24352,008125,31890,13890,009950,008368,9342,8800,23610,9480,9355,9663,9361,21910,8838,15332,21290,29832,009594,9747,9709,6424,12250,9000,27332,18910,17550,9535,008897,12990,9563,24470,8999,9108,25570,26330,017770,21310,28790,9325,13470,9011,004179,5367,9595,9472,20452,8826,8156,9160,24910,14350,5998,26870,15550,8950,15890,20894,15012,5799,9241,8798,8066,9294,006029,9034,9157,13730,8602,11734,6335,009616,15210,30210,7931,8727,009519,008988,8611,9990,003862,009587,11510,008931,009172,9658,18816,31192,8601,9242,7911,26910,15454,1413,21712,23874,009292,017652,15850,8973,10754,12510,8023,13050,9185,009668,009405,009327,009705,12390,8903,9672,002231,9310,9283,19970,9252,30370,9528,10594,31630,008730,10090,6119,6310,13594,017850,009402,11730,019170,009466,5544,8941,6544,23310,009626,4142,10652,23070,28550,21070,008770,07290,13070,8333,001700,9071,8841,27590,13430,23110,9319,8604,9627,8854,21492,016014,9338,24110,29110,8716,9705,8018,009119,008077,008839,009364,8349,21830,25210,5373,9559,009681,8977,8976,9288,25892,21172,0/008735/01,6477,11590,9162,7965,24650,10670,19530,17890,10350,9670,5398,9585,6904,20730,13810,008584,8794,008161,18412,007254,26770,9720,9131,10070,14970,9682,8953,9345,9383,18018,9214,13910,9341,14392,5474,8917,GBNI85/9543,14570,7114,18790,008953,8770,25010,30402,32370,9521,008588,14170,28350,9525,9612,9738,009639,016670,6588,9416,23130,13450,9107,19972,8927,8583,9270,028890,2603,9055,6084,6327,9592,2236,8747,24730,25090,25750,13130,7290,9409,9009,9706,9046,19390,6416,009540,12950,26290,9970,7822,018532,21852,9577,8922,9174,9151,8574,9060,18550,9671,8887,23290,009000,9056,3134,008765,002649,GB9543,GB8731,9219,6600,9193,9065,7806,9183,8278,29474,5532,10550,10330,25552,009675,9496,024170,21390,9438,16070,30290,17770,31270,30510,9675,23816,23330,9166,9142,8372,16510,9654,8833,9064,29590,16450,9300,8845,9637,8753,8891,7875,16490,8702,7915,19490,8188,13370,19276,10972,23350,28170,12670,8174,7671,6824,008727,9810,17150,8621,9420,15190,17552,8908,19090,28390,9466,022910,008093,014732,31690,009112,8209,9218,23590,28672,17670,008772,9495,8717,23292,28830,8783,8759,26072,008639,8709,9075,21030,9292,008991,008375,24510,21772,00240,008635,23872,9413,9516,8093,13930,24250,20970,8767,11110,31970,9368,009018,009297,17850,8918,9245,8877,2048,9517,8728,9664,25652,009590,009380,29310,9129,17432,08695,8710,13592,005396,017232,8991,13434,9727,008014,25330,9391,23770,8554,9145,9523,9054,008612
